# steering, torque, engine_velocity, vehicle_velocity
-3.099975999999999843e+00,-1.300000000000000000e+01,0.000000000000000000e+00,0.000000000000000000e+00
-3.099975999999999843e+00,-1.300000000000000000e+01,8.920000000000000000e+02,2.105999900000000125e+01
-2.900024000000000157e+00,-1.700000000000000000e+01,8.920000000000000000e+02,2.105999900000000125e+01
-2.900024000000000157e+00,-1.700000000000000000e+01,8.960000000000000000e+02,2.100000000000000000e+01
-2.400024000000000157e+00,-1.700000000000000000e+01,8.960000000000000000e+02,2.100000000000000000e+01
-2.400024000000000157e+00,-1.700000000000000000e+01,8.960000000000000000e+02,2.092000000000000171e+01
-2.099975999999999843e+00,-2.000000000000000000e+01,8.960000000000000000e+02,2.092000000000000171e+01
-2.099975999999999843e+00,-2.000000000000000000e+01,8.840000000000000000e+02,2.078999900000000167e+01
-2.099975999999999843e+00,-2.200000000000000000e+01,8.840000000000000000e+02,2.078999900000000167e+01
-2.099975999999999843e+00,-2.200000000000000000e+01,8.880000000000000000e+02,2.073000000000000043e+01
-1.900023999999999935e+00,-2.500000000000000000e+01,8.880000000000000000e+02,2.073000000000000043e+01
-1.900023999999999935e+00,-2.500000000000000000e+01,8.740000000000000000e+02,2.055999900000000125e+01
-1.299927000000000055e+00,-2.700000000000000000e+01,8.740000000000000000e+02,2.055999900000000125e+01
-1.299927000000000055e+00,-2.700000000000000000e+01,8.660000000000000000e+02,2.042000000000000171e+01
-9.000240000000000462e-01,-2.600000000000000000e+01,8.660000000000000000e+02,2.042000000000000171e+01
-9.000240000000000462e-01,-2.600000000000000000e+01,8.620000000000000000e+02,2.032999999999999829e+01
-1.000000000000000000e+00,-2.500000000000000000e+01,8.620000000000000000e+02,2.032999999999999829e+01
-1.000000000000000000e+00,-2.500000000000000000e+01,8.480000000000000000e+02,2.026999999999999957e+01
-1.000000000000000000e+00,-2.000000000000000000e+01,8.480000000000000000e+02,2.026999999999999957e+01
-1.000000000000000000e+00,-2.000000000000000000e+01,8.400000000000000000e+02,2.013999899999999954e+01
-1.000000000000000000e+00,-1.900000000000000000e+01,8.400000000000000000e+02,2.013999899999999954e+01
-1.000000000000000000e+00,-1.900000000000000000e+01,8.340000000000000000e+02,2.003999900000000167e+01
-1.099976000000000065e+00,-2.000000000000000000e+01,8.340000000000000000e+02,2.003999900000000167e+01
-1.099976000000000065e+00,-2.000000000000000000e+01,8.280000000000000000e+02,1.998999999999999844e+01
-1.599976000000000065e+00,-2.300000000000000000e+01,8.280000000000000000e+02,1.998999999999999844e+01
-1.599976000000000065e+00,-2.300000000000000000e+01,8.220000000000000000e+02,1.983999999999999986e+01
-3.400024000000000157e+00,-2.200000000000000000e+01,8.220000000000000000e+02,1.983999999999999986e+01
-3.400024000000000157e+00,-2.200000000000000000e+01,8.200000000000000000e+02,1.973999999999999844e+01
-6.099975999999999843e+00,-2.500000000000000000e+01,8.200000000000000000e+02,1.973999999999999844e+01
-6.099975999999999843e+00,-2.500000000000000000e+01,8.300000000000000000e+02,1.964999999999999858e+01
-7.400024000000000157e+00,-2.600000000000000000e+01,8.300000000000000000e+02,1.964999999999999858e+01
-7.400024000000000157e+00,-2.600000000000000000e+01,8.300000000000000000e+02,1.952999900000000011e+01
-7.599975999999999843e+00,-2.600000000000000000e+01,8.300000000000000000e+02,1.952999900000000011e+01
-7.599975999999999843e+00,-2.600000000000000000e+01,8.260000000000000000e+02,1.942000000000000171e+01
-7.699951000000000434e+00,-2.600000000000000000e+01,8.260000000000000000e+02,1.942000000000000171e+01
-7.699951000000000434e+00,-2.600000000000000000e+01,8.200000000000000000e+02,1.926999999999999957e+01
-7.400024000000000157e+00,-2.500000000000000000e+01,8.200000000000000000e+02,1.926999999999999957e+01
-7.400024000000000157e+00,-2.500000000000000000e+01,8.100000000000000000e+02,1.911999899999999997e+01
-6.099975999999999843e+00,-2.400000000000000000e+01,8.100000000000000000e+02,1.911999899999999997e+01
-6.099975999999999843e+00,-2.400000000000000000e+01,7.980000000000000000e+02,1.905999900000000125e+01
-4.099975999999999843e+00,-2.000000000000000000e+01,7.980000000000000000e+02,1.905999900000000125e+01
-4.099975999999999843e+00,-2.000000000000000000e+01,7.800000000000000000e+02,1.886999899999999997e+01
-3.500000000000000000e+00,3.600000000000000000e+01,7.800000000000000000e+02,1.886999899999999997e+01
-3.500000000000000000e+00,3.600000000000000000e+01,8.580000000000000000e+02,1.873000000000000043e+01
-3.599975999999999843e+00,4.200000000000000000e+01,8.580000000000000000e+02,1.873000000000000043e+01
-3.599975999999999843e+00,4.200000000000000000e+01,9.900000000000000000e+02,1.867999999999999972e+01
-4.099975999999999843e+00,3.400000000000000000e+01,9.900000000000000000e+02,1.867999999999999972e+01
-4.099975999999999843e+00,3.400000000000000000e+01,1.080000000000000000e+03,1.857000000000000028e+01
-3.799926999999999833e+00,3.800000000000000000e+01,1.080000000000000000e+03,1.857000000000000028e+01
-3.799926999999999833e+00,3.800000000000000000e+01,1.208000000000000000e+03,1.839999999999999858e+01
-3.599975999999999843e+00,-5.000000000000000000e+00,1.208000000000000000e+03,1.839999999999999858e+01
-3.599975999999999843e+00,-5.000000000000000000e+00,1.244000000000000000e+03,1.827999900000000011e+01
-3.799926999999999833e+00,-2.000000000000000000e+01,1.244000000000000000e+03,1.827999900000000011e+01
-3.799926999999999833e+00,-2.000000000000000000e+01,1.252000000000000000e+03,1.817000000000000171e+01
-3.799926999999999833e+00,-2.000000000000000000e+01,1.252000000000000000e+03,1.817000000000000171e+01
-3.799926999999999833e+00,-2.000000000000000000e+01,1.260000000000000000e+03,1.807000000000000028e+01
-3.799926999999999833e+00,-2.000000000000000000e+01,1.260000000000000000e+03,1.807000000000000028e+01
-3.799926999999999833e+00,-2.000000000000000000e+01,1.256000000000000000e+03,1.795999899999999982e+01
-3.500000000000000000e+00,-2.000000000000000000e+01,1.256000000000000000e+03,1.795999899999999982e+01
-3.500000000000000000e+00,-2.000000000000000000e+01,1.238000000000000000e+03,1.782000000000000028e+01
-3.099975999999999843e+00,-2.000000000000000000e+01,1.238000000000000000e+03,1.782000000000000028e+01
-3.099975999999999843e+00,-2.000000000000000000e+01,1.232000000000000000e+03,1.769000099999999875e+01
-2.599975999999999843e+00,-2.000000000000000000e+01,1.232000000000000000e+03,1.769000099999999875e+01
-2.599975999999999843e+00,-2.000000000000000000e+01,1.242000000000000000e+03,1.757999999999999829e+01
-2.799926999999999833e+00,-2.000000000000000000e+01,1.242000000000000000e+03,1.757999999999999829e+01
-2.799926999999999833e+00,-2.000000000000000000e+01,1.232000000000000000e+03,1.746999900000000139e+01
-2.799926999999999833e+00,-2.000000000000000000e+01,1.232000000000000000e+03,1.746999900000000139e+01
-2.799926999999999833e+00,-2.000000000000000000e+01,1.200000000000000000e+03,1.746999900000000139e+01
-2.599975999999999843e+00,-2.000000000000000000e+01,1.200000000000000000e+03,1.746999900000000139e+01
-2.599975999999999843e+00,-2.000000000000000000e+01,1.196000000000000000e+03,1.746999900000000139e+01
-2.400024000000000157e+00,-2.000000000000000000e+01,1.196000000000000000e+03,1.730999900000000125e+01
-2.400024000000000157e+00,-2.000000000000000000e+01,1.196000000000000000e+03,1.730999900000000125e+01
-6.999509999999999899e-01,-2.000000000000000000e+01,1.210000000000000000e+03,1.712999900000000153e+01
-6.999509999999999899e-01,-2.000000000000000000e+01,1.210000000000000000e+03,1.712999900000000153e+01
-5.999759999999999538e-01,-2.000000000000000000e+01,1.190000000000000000e+03,1.701999999999999957e+01
-5.999759999999999538e-01,-2.000000000000000000e+01,1.190000000000000000e+03,1.701999999999999957e+01
-1.599976000000000065e+00,-2.000000000000000000e+01,1.164000000000000000e+03,1.687999900000000153e+01
-1.599976000000000065e+00,-2.000000000000000000e+01,1.164000000000000000e+03,1.687999900000000153e+01
-1.599976000000000065e+00,-2.000000000000000000e+01,1.176000000000000000e+03,1.680999900000000125e+01
-1.599976000000000065e+00,-2.000000000000000000e+01,1.176000000000000000e+03,1.680999900000000125e+01
-9.000240000000000462e-01,-2.000000000000000000e+01,1.176000000000000000e+03,1.673000000000000043e+01
-9.000240000000000462e-01,-2.000000000000000000e+01,1.176000000000000000e+03,1.673000000000000043e+01
-9.997599999999999543e-02,-2.000000000000000000e+01,1.148000000000000000e+03,1.657000000000000028e+01
-9.997599999999999543e-02,-2.000000000000000000e+01,1.148000000000000000e+03,1.657000000000000028e+01
9.997599999999999543e-02,-2.000000000000000000e+01,1.142000000000000000e+03,1.641000000000000014e+01
9.997599999999999543e-02,-2.000000000000000000e+01,1.142000000000000000e+03,1.641000000000000014e+01
0.000000000000000000e+00,-2.000000000000000000e+01,1.150000000000000000e+03,1.641000000000000014e+01
0.000000000000000000e+00,-2.000000000000000000e+01,1.150000000000000000e+03,1.641000000000000014e+01
-1.299927000000000055e+00,-2.000000000000000000e+01,1.148000000000000000e+03,1.636999899999999997e+01
-1.299927000000000055e+00,-2.000000000000000000e+01,1.148000000000000000e+03,1.636999899999999997e+01
-1.599976000000000065e+00,-2.000000000000000000e+01,1.126000000000000000e+03,1.623999999999999844e+01
-1.599976000000000065e+00,-2.000000000000000000e+01,1.126000000000000000e+03,1.623999999999999844e+01
-1.000000000000000000e+00,-2.000000000000000000e+01,1.114000000000000000e+03,1.605999900000000125e+01
-1.000000000000000000e+00,-2.000000000000000000e+01,1.114000000000000000e+03,1.605999900000000125e+01
-9.000240000000000462e-01,-2.000000000000000000e+01,1.108000000000000000e+03,1.585999999999999943e+01
-9.000240000000000462e-01,-2.000000000000000000e+01,1.108000000000000000e+03,1.585999999999999943e+01
-6.999509999999999899e-01,-2.000000000000000000e+01,1.070000000000000000e+03,1.542999900000000046e+01
-6.999509999999999899e-01,-2.000000000000000000e+01,1.070000000000000000e+03,1.542999900000000046e+01
-4.000239999999999907e-01,-2.000000000000000000e+01,1.026000000000000000e+03,1.502999999999999936e+01
-4.000239999999999907e-01,-2.000000000000000000e+01,1.026000000000000000e+03,1.502999999999999936e+01
4.000239999999999907e-01,-2.000000000000000000e+01,9.780000000000000000e+02,1.448000000000000043e+01
4.000239999999999907e-01,-2.000000000000000000e+01,9.780000000000000000e+02,1.448000000000000043e+01
2.400024000000000157e+00,-2.000000000000000000e+01,9.520000000000000000e+02,1.388000000000000078e+01
2.400024000000000157e+00,-2.000000000000000000e+01,9.520000000000000000e+02,1.388000000000000078e+01
4.599975999999999843e+00,-1.900000000000000000e+01,9.160000000000000000e+02,1.328999999999999915e+01
4.599975999999999843e+00,-1.900000000000000000e+01,9.160000000000000000e+02,1.328999999999999915e+01
6.599975999999999843e+00,-1.900000000000000000e+01,8.740000000000000000e+02,1.280999899999999947e+01
6.599975999999999843e+00,-1.900000000000000000e+01,8.740000000000000000e+02,1.280999899999999947e+01
7.599975999999999843e+00,-1.800000000000000000e+01,8.440000000000000000e+02,1.241999999999999993e+01
7.599975999999999843e+00,-1.800000000000000000e+01,8.440000000000000000e+02,1.241999999999999993e+01
7.599975999999999843e+00,-1.900000000000000000e+01,8.300000000000000000e+02,1.209999900000000039e+01
7.599975999999999843e+00,-1.900000000000000000e+01,8.300000000000000000e+02,1.209999900000000039e+01
7.500000000000000000e+00,-1.300000000000000000e+01,8.140000000000000000e+02,1.180000000000000071e+01
7.500000000000000000e+00,-1.300000000000000000e+01,8.140000000000000000e+02,1.180000000000000071e+01
7.400024000000000157e+00,-9.000000000000000000e+00,8.020000000000000000e+02,1.155999899999999947e+01
7.400024000000000157e+00,-9.000000000000000000e+00,8.020000000000000000e+02,1.155999899999999947e+01
6.700072999999999723e+00,-3.000000000000000000e+00,7.940000000000000000e+02,1.128999999999999915e+01
6.700072999999999723e+00,-3.000000000000000000e+00,7.940000000000000000e+02,1.128999999999999915e+01
6.400024000000000157e+00,5.000000000000000000e+00,7.900000000000000000e+02,1.105000000000000071e+01
6.400024000000000157e+00,5.000000000000000000e+00,7.900000000000000000e+02,1.105000000000000071e+01
6.400024000000000157e+00,1.300000000000000000e+01,7.920000000000000000e+02,1.083000000000000007e+01
6.400024000000000157e+00,1.300000000000000000e+01,7.920000000000000000e+02,1.083000000000000007e+01
6.300048999999999566e+00,1.700000000000000000e+01,7.900000000000000000e+02,1.071000000000000085e+01
6.300048999999999566e+00,1.700000000000000000e+01,7.900000000000000000e+02,1.071000000000000085e+01
6.000000000000000000e+00,2.300000000000000000e+01,7.880000000000000000e+02,1.050000000000000000e+01
6.000000000000000000e+00,2.300000000000000000e+01,7.880000000000000000e+02,1.050000000000000000e+01
4.900024000000000157e+00,2.500000000000000000e+01,8.080000000000000000e+02,1.027999999999999936e+01
4.900024000000000157e+00,2.500000000000000000e+01,8.080000000000000000e+02,1.027999999999999936e+01
1.500000000000000000e+00,2.600000000000000000e+01,8.140000000000000000e+02,9.980000000000000426e+00
1.500000000000000000e+00,2.600000000000000000e+01,8.140000000000000000e+02,9.980000000000000426e+00
-1.599976000000000065e+00,2.500000000000000000e+01,8.240000000000000000e+02,9.719998999999999612e+00
-1.599976000000000065e+00,2.500000000000000000e+01,8.240000000000000000e+02,9.719998999999999612e+00
-2.099975999999999843e+00,2.300000000000000000e+01,8.380000000000000000e+02,9.439999999999999503e+00
-2.099975999999999843e+00,2.300000000000000000e+01,8.380000000000000000e+02,9.439999999999999503e+00
-2.099975999999999843e+00,2.200000000000000000e+01,8.360000000000000000e+02,9.089999999999999858e+00
-2.099975999999999843e+00,2.200000000000000000e+01,8.360000000000000000e+02,9.089999999999999858e+00
-2.099975999999999843e+00,2.600000000000000000e+01,8.320000000000000000e+02,8.689999999999999503e+00
-2.099975999999999843e+00,2.600000000000000000e+01,8.320000000000000000e+02,8.689999999999999503e+00
-2.400024000000000157e+00,2.700000000000000000e+01,8.480000000000000000e+02,8.349999000000000393e+00
-2.400024000000000157e+00,2.700000000000000000e+01,8.480000000000000000e+02,8.349999000000000393e+00
-2.799926999999999833e+00,2.600000000000000000e+01,8.440000000000000000e+02,7.980000000000000426e+00
-2.799926999999999833e+00,2.600000000000000000e+01,8.440000000000000000e+02,7.980000000000000426e+00
-2.900024000000000157e+00,2.900000000000000000e+01,8.580000000000000000e+02,7.629999999999999893e+00
-2.900024000000000157e+00,2.900000000000000000e+01,8.580000000000000000e+02,7.629999999999999893e+00
-3.099975999999999843e+00,2.800000000000000000e+01,8.500000000000000000e+02,7.299999999999999822e+00
-3.099975999999999843e+00,2.800000000000000000e+01,8.500000000000000000e+02,7.299999999999999822e+00
-3.099975999999999843e+00,2.900000000000000000e+01,8.640000000000000000e+02,6.879999999999999893e+00
-3.099975999999999843e+00,2.900000000000000000e+01,8.640000000000000000e+02,6.879999999999999893e+00
-3.099975999999999843e+00,3.100000000000000000e+01,8.680000000000000000e+02,6.549999999999999822e+00
-3.099975999999999843e+00,3.100000000000000000e+01,8.680000000000000000e+02,6.549999999999999822e+00
-3.099975999999999843e+00,2.800000000000000000e+01,8.780000000000000000e+02,6.179999999999999716e+00
-3.099975999999999843e+00,2.800000000000000000e+01,8.780000000000000000e+02,6.179999999999999716e+00
-3.099975999999999843e+00,2.700000000000000000e+01,8.780000000000000000e+02,5.740000000000000213e+00
-3.099975999999999843e+00,2.700000000000000000e+01,8.840000000000000000e+02,5.740000000000000213e+00
-3.099975999999999843e+00,2.600000000000000000e+01,8.840000000000000000e+02,5.349999999999999645e+00
-3.099975999999999843e+00,2.600000000000000000e+01,8.880000000000000000e+02,5.349999999999999645e+00
-3.099975999999999843e+00,2.500000000000000000e+01,8.880000000000000000e+02,4.889999999999999680e+00
-3.099975999999999843e+00,2.500000000000000000e+01,8.900000000000000000e+02,4.889999999999999680e+00
-3.099975999999999843e+00,2.400000000000000000e+01,8.900000000000000000e+02,4.429999999999999716e+00
-3.099975999999999843e+00,2.400000000000000000e+01,8.860000000000000000e+02,4.429999999999999716e+00
-3.099975999999999843e+00,2.400000000000000000e+01,8.860000000000000000e+02,3.950000000000000178e+00
-3.099975999999999843e+00,2.400000000000000000e+01,8.800000000000000000e+02,3.950000000000000178e+00
-3.099975999999999843e+00,2.800000000000000000e+01,8.800000000000000000e+02,3.509999999999999787e+00
-3.099975999999999843e+00,2.800000000000000000e+01,8.760000000000000000e+02,3.509999999999999787e+00
-3.099975999999999843e+00,2.500000000000000000e+01,8.760000000000000000e+02,3.049999999999999822e+00
-3.099975999999999843e+00,2.500000000000000000e+01,8.920000000000000000e+02,3.049999999999999822e+00
-3.099975999999999843e+00,2.000000000000000000e+01,8.920000000000000000e+02,2.549999999999999822e+00
-3.099975999999999843e+00,2.000000000000000000e+01,8.960000000000000000e+02,2.549999999999999822e+00
-3.099975999999999843e+00,1.900000000000000000e+01,8.960000000000000000e+02,2.160000000000000142e+00
-3.099975999999999843e+00,1.900000000000000000e+01,8.940000000000000000e+02,2.160000000000000142e+00
-3.099975999999999843e+00,1.800000000000000000e+01,8.940000000000000000e+02,1.739999999999999991e+00
-3.099975999999999843e+00,1.800000000000000000e+01,8.900000000000000000e+02,1.739999999999999991e+00
-3.099975999999999843e+00,1.900000000000000000e+01,8.900000000000000000e+02,1.270000000000000018e+00
-3.099975999999999843e+00,1.900000000000000000e+01,8.880000000000000000e+02,1.270000000000000018e+00
-3.099975999999999843e+00,1.800000000000000000e+01,8.880000000000000000e+02,9.599999999999999645e-01
-3.099975999999999843e+00,1.800000000000000000e+01,8.860000000000000000e+02,9.599999999999999645e-01
-3.099975999999999843e+00,1.700000000000000000e+01,8.860000000000000000e+02,6.400000000000000133e-01
-3.099975999999999843e+00,1.700000000000000000e+01,8.860000000000000000e+02,6.400000000000000133e-01
-3.099975999999999843e+00,1.600000000000000000e+01,8.860000000000000000e+02,4.899999999999999911e-01
-3.099975999999999843e+00,1.600000000000000000e+01,8.780000000000000000e+02,4.899999999999999911e-01
-3.099975999999999843e+00,1.600000000000000000e+01,8.780000000000000000e+02,3.800000000000000044e-01
-3.099975999999999843e+00,1.600000000000000000e+01,8.720000000000000000e+02,3.800000000000000044e-01
-3.099975999999999843e+00,1.800000000000000000e+01,8.720000000000000000e+02,2.999999999999999889e-01
-3.099975999999999843e+00,1.800000000000000000e+01,8.600000000000000000e+02,2.999999999999999889e-01
-3.099975999999999843e+00,1.800000000000000000e+01,8.600000000000000000e+02,2.399999999999999911e-01
-3.099975999999999843e+00,1.800000000000000000e+01,8.520000000000000000e+02,2.399999999999999911e-01
-3.099975999999999843e+00,2.000000000000000000e+01,8.520000000000000000e+02,2.099999999999999922e-01
-3.099975999999999843e+00,2.000000000000000000e+01,8.440000000000000000e+02,2.099999999999999922e-01
-3.099975999999999843e+00,2.000000000000000000e+01,8.440000000000000000e+02,2.099999999999999922e-01
-3.099975999999999843e+00,2.000000000000000000e+01,8.440000000000000000e+02,1.799999999999999933e-01
-3.099975999999999843e+00,2.000000000000000000e+01,8.440000000000000000e+02,1.799999999999999933e-01
-3.099975999999999843e+00,2.000000000000000000e+01,8.400000000000000000e+02,1.600000000000000033e-01
-3.099975999999999843e+00,1.900000000000000000e+01,8.400000000000000000e+02,1.600000000000000033e-01
-3.099975999999999843e+00,1.900000000000000000e+01,8.360000000000000000e+02,1.400000000000000133e-01
-3.099975999999999843e+00,1.900000000000000000e+01,8.360000000000000000e+02,1.400000000000000133e-01
-3.099975999999999843e+00,1.900000000000000000e+01,8.360000000000000000e+02,1.300000000000000044e-01
-3.099975999999999843e+00,1.700000000000000000e+01,8.360000000000000000e+02,1.300000000000000044e-01
-3.099975999999999843e+00,1.700000000000000000e+01,8.280000000000000000e+02,1.199999999999999956e-01
-3.099975999999999843e+00,1.600000000000000000e+01,8.280000000000000000e+02,1.199999999999999956e-01
-3.099975999999999843e+00,1.600000000000000000e+01,8.240000000000000000e+02,0.000000000000000000e+00
-2.900024000000000157e+00,1.700000000000000000e+01,8.240000000000000000e+02,0.000000000000000000e+00
-2.900024000000000157e+00,1.700000000000000000e+01,8.200000000000000000e+02,0.000000000000000000e+00
-2.599975999999999843e+00,1.900000000000000000e+01,8.200000000000000000e+02,0.000000000000000000e+00
-2.599975999999999843e+00,1.900000000000000000e+01,8.140000000000000000e+02,0.000000000000000000e+00
-2.400024000000000157e+00,1.500000000000000000e+01,8.140000000000000000e+02,0.000000000000000000e+00
-2.400024000000000157e+00,1.500000000000000000e+01,8.080000000000000000e+02,0.000000000000000000e+00
-2.099975999999999843e+00,1.900000000000000000e+01,8.080000000000000000e+02,0.000000000000000000e+00
-2.099975999999999843e+00,1.900000000000000000e+01,7.940000000000000000e+02,0.000000000000000000e+00
-2.099975999999999843e+00,2.600000000000000000e+01,7.940000000000000000e+02,0.000000000000000000e+00
-2.099975999999999843e+00,2.600000000000000000e+01,7.780000000000000000e+02,0.000000000000000000e+00
-2.099975999999999843e+00,3.000000000000000000e+01,7.780000000000000000e+02,0.000000000000000000e+00
-2.099975999999999843e+00,3.000000000000000000e+01,7.820000000000000000e+02,0.000000000000000000e+00
-1.900023999999999935e+00,3.000000000000000000e+01,7.820000000000000000e+02,0.000000000000000000e+00
-1.900023999999999935e+00,3.000000000000000000e+01,7.940000000000000000e+02,0.000000000000000000e+00
-1.900023999999999935e+00,2.200000000000000000e+01,7.940000000000000000e+02,0.000000000000000000e+00
-1.900023999999999935e+00,2.200000000000000000e+01,7.940000000000000000e+02,0.000000000000000000e+00
-1.900023999999999935e+00,1.900000000000000000e+01,7.940000000000000000e+02,0.000000000000000000e+00
-1.900023999999999935e+00,1.900000000000000000e+01,7.920000000000000000e+02,0.000000000000000000e+00
-1.900023999999999935e+00,1.600000000000000000e+01,7.920000000000000000e+02,0.000000000000000000e+00
-1.900023999999999935e+00,1.600000000000000000e+01,7.900000000000000000e+02,0.000000000000000000e+00
-1.900023999999999935e+00,7.000000000000000000e+00,7.900000000000000000e+02,0.000000000000000000e+00
-1.900023999999999935e+00,7.000000000000000000e+00,7.160000000000000000e+02,0.000000000000000000e+00
-1.900023999999999935e+00,-2.200000000000000000e+01,7.160000000000000000e+02,0.000000000000000000e+00
-1.900023999999999935e+00,-2.200000000000000000e+01,5.360000000000000000e+02,0.000000000000000000e+00
-1.900023999999999935e+00,-4.600000000000000000e+01,5.360000000000000000e+02,0.000000000000000000e+00
-1.900023999999999935e+00,-4.600000000000000000e+01,4.320000000000000000e+02,0.000000000000000000e+00
-1.900023999999999935e+00,-4.300000000000000000e+01,4.320000000000000000e+02,0.000000000000000000e+00
-1.900023999999999935e+00,-4.300000000000000000e+01,3.260000000000000000e+02,0.000000000000000000e+00
-1.900023999999999935e+00,-4.100000000000000000e+01,3.260000000000000000e+02,0.000000000000000000e+00
-1.900023999999999935e+00,-4.100000000000000000e+01,1.860000000000000000e+02,0.000000000000000000e+00
-1.900023999999999935e+00,-4.100000000000000000e+01,1.860000000000000000e+02,0.000000000000000000e+00
-1.900023999999999935e+00,-4.100000000000000000e+01,1.260000000000000000e+02,0.000000000000000000e+00
-1.900023999999999935e+00,-4.000000000000000000e+01,1.260000000000000000e+02,0.000000000000000000e+00
-1.900023999999999935e+00,-4.000000000000000000e+01,8.600000000000000000e+01,0.000000000000000000e+00
-1.900023999999999935e+00,-4.000000000000000000e+01,8.600000000000000000e+01,0.000000000000000000e+00
-1.900023999999999935e+00,-4.000000000000000000e+01,7.600000000000000000e+01,0.000000000000000000e+00
-1.900023999999999935e+00,-4.000000000000000000e+01,7.600000000000000000e+01,0.000000000000000000e+00
-1.900023999999999935e+00,-4.000000000000000000e+01,6.600000000000000000e+01,0.000000000000000000e+00
-2.099975999999999843e+00,-4.000000000000000000e+01,6.600000000000000000e+01,0.000000000000000000e+00
-2.099975999999999843e+00,-4.000000000000000000e+01,0.000000000000000000e+00,0.000000000000000000e+00
-2.099975999999999843e+00,-4.000000000000000000e+01,0.000000000000000000e+00,0.000000000000000000e+00
-2.099975999999999843e+00,-4.000000000000000000e+01,0.000000000000000000e+00,0.000000000000000000e+00
-2.099975999999999843e+00,-3.900000000000000000e+01,0.000000000000000000e+00,0.000000000000000000e+00
-2.099975999999999843e+00,-3.900000000000000000e+01,0.000000000000000000e+00,0.000000000000000000e+00
-2.099975999999999843e+00,-3.900000000000000000e+01,0.000000000000000000e+00,0.000000000000000000e+00
-2.099975999999999843e+00,-3.900000000000000000e+01,0.000000000000000000e+00,0.000000000000000000e+00
-2.099975999999999843e+00,-3.900000000000000000e+01,0.000000000000000000e+00,0.000000000000000000e+00
-2.099975999999999843e+00,-3.900000000000000000e+01,0.000000000000000000e+00,0.000000000000000000e+00
-2.099975999999999843e+00,-3.900000000000000000e+01,0.000000000000000000e+00,0.000000000000000000e+00
-2.099975999999999843e+00,-3.900000000000000000e+01,0.000000000000000000e+00,0.000000000000000000e+00
-1.900023999999999935e+00,-3.900000000000000000e+01,0.000000000000000000e+00,0.000000000000000000e+00
-1.900023999999999935e+00,-3.900000000000000000e+01,0.000000000000000000e+00,0.000000000000000000e+00
-1.900023999999999935e+00,-3.900000000000000000e+01,0.000000000000000000e+00,0.000000000000000000e+00
-1.900023999999999935e+00,-3.900000000000000000e+01,0.000000000000000000e+00,0.000000000000000000e+00
-2.099975999999999843e+00,-3.900000000000000000e+01,0.000000000000000000e+00,0.000000000000000000e+00
-2.099975999999999843e+00,-3.900000000000000000e+01,0.000000000000000000e+00,0.000000000000000000e+00
-1.900023999999999935e+00,-3.900000000000000000e+01,0.000000000000000000e+00,0.000000000000000000e+00
-1.900023999999999935e+00,-3.900000000000000000e+01,0.000000000000000000e+00,0.000000000000000000e+00
-1.900023999999999935e+00,-3.900000000000000000e+01,0.000000000000000000e+00,0.000000000000000000e+00
-1.900023999999999935e+00,-3.900000000000000000e+01,0.000000000000000000e+00,0.000000000000000000e+00
-1.900023999999999935e+00,-3.900000000000000000e+01,0.000000000000000000e+00,0.000000000000000000e+00
-1.900023999999999935e+00,-3.900000000000000000e+01,0.000000000000000000e+00,0.000000000000000000e+00
-1.900023999999999935e+00,-3.900000000000000000e+01,0.000000000000000000e+00,0.000000000000000000e+00
-1.900023999999999935e+00,-3.900000000000000000e+01,0.000000000000000000e+00,0.000000000000000000e+00
-2.099975999999999843e+00,-3.900000000000000000e+01,0.000000000000000000e+00,0.000000000000000000e+00
-2.099975999999999843e+00,-3.900000000000000000e+01,0.000000000000000000e+00,0.000000000000000000e+00
-2.400024000000000157e+00,-3.900000000000000000e+01,0.000000000000000000e+00,0.000000000000000000e+00
-2.400024000000000157e+00,-3.900000000000000000e+01,0.000000000000000000e+00,0.000000000000000000e+00
-2.599975999999999843e+00,-3.900000000000000000e+01,0.000000000000000000e+00,0.000000000000000000e+00
-2.599975999999999843e+00,-3.900000000000000000e+01,0.000000000000000000e+00,0.000000000000000000e+00
-2.599975999999999843e+00,-3.900000000000000000e+01,0.000000000000000000e+00,0.000000000000000000e+00
-2.599975999999999843e+00,-3.900000000000000000e+01,0.000000000000000000e+00,0.000000000000000000e+00
-2.599975999999999843e+00,-3.900000000000000000e+01,0.000000000000000000e+00,0.000000000000000000e+00
-2.599975999999999843e+00,-3.900000000000000000e+01,0.000000000000000000e+00,0.000000000000000000e+00
-2.599975999999999843e+00,-3.900000000000000000e+01,0.000000000000000000e+00,0.000000000000000000e+00
-2.599975999999999843e+00,-3.900000000000000000e+01,0.000000000000000000e+00,0.000000000000000000e+00
-2.599975999999999843e+00,-3.900000000000000000e+01,0.000000000000000000e+00,0.000000000000000000e+00
-2.599975999999999843e+00,-3.900000000000000000e+01,0.000000000000000000e+00,0.000000000000000000e+00
-2.599975999999999843e+00,-3.900000000000000000e+01,0.000000000000000000e+00,0.000000000000000000e+00
-2.599975999999999843e+00,-3.900000000000000000e+01,0.000000000000000000e+00,0.000000000000000000e+00
-2.599975999999999843e+00,-3.900000000000000000e+01,0.000000000000000000e+00,0.000000000000000000e+00
-2.599975999999999843e+00,-3.900000000000000000e+01,0.000000000000000000e+00,0.000000000000000000e+00
-2.599975999999999843e+00,-3.900000000000000000e+01,0.000000000000000000e+00,0.000000000000000000e+00
-2.599975999999999843e+00,-3.900000000000000000e+01,0.000000000000000000e+00,0.000000000000000000e+00
-2.599975999999999843e+00,-3.900000000000000000e+01,0.000000000000000000e+00,0.000000000000000000e+00
-2.599975999999999843e+00,-3.900000000000000000e+01,0.000000000000000000e+00,0.000000000000000000e+00
-2.599975999999999843e+00,-3.900000000000000000e+01,0.000000000000000000e+00,0.000000000000000000e+00
-2.599975999999999843e+00,-3.900000000000000000e+01,0.000000000000000000e+00,0.000000000000000000e+00
-2.599975999999999843e+00,-3.900000000000000000e+01,0.000000000000000000e+00,0.000000000000000000e+00
-2.599975999999999843e+00,-3.900000000000000000e+01,0.000000000000000000e+00,0.000000000000000000e+00
-2.599975999999999843e+00,-3.900000000000000000e+01,0.000000000000000000e+00,0.000000000000000000e+00
-2.599975999999999843e+00,-3.900000000000000000e+01,0.000000000000000000e+00,0.000000000000000000e+00
-2.599975999999999843e+00,-3.900000000000000000e+01,0.000000000000000000e+00,0.000000000000000000e+00
-2.599975999999999843e+00,-3.900000000000000000e+01,0.000000000000000000e+00,0.000000000000000000e+00
-2.599975999999999843e+00,-3.900000000000000000e+01,0.000000000000000000e+00,0.000000000000000000e+00
-2.599975999999999843e+00,-3.900000000000000000e+01,0.000000000000000000e+00,0.000000000000000000e+00
-2.599975999999999843e+00,-3.900000000000000000e+01,0.000000000000000000e+00,0.000000000000000000e+00
-2.599975999999999843e+00,-3.900000000000000000e+01,0.000000000000000000e+00,0.000000000000000000e+00
-2.599975999999999843e+00,-3.900000000000000000e+01,0.000000000000000000e+00,0.000000000000000000e+00
-2.599975999999999843e+00,-3.900000000000000000e+01,0.000000000000000000e+00,0.000000000000000000e+00
-2.599975999999999843e+00,-3.900000000000000000e+01,0.000000000000000000e+00,0.000000000000000000e+00
-2.599975999999999843e+00,-3.900000000000000000e+01,0.000000000000000000e+00,0.000000000000000000e+00
-2.599975999999999843e+00,-3.900000000000000000e+01,0.000000000000000000e+00,0.000000000000000000e+00
-2.599975999999999843e+00,-3.900000000000000000e+01,0.000000000000000000e+00,0.000000000000000000e+00
-2.599975999999999843e+00,-3.900000000000000000e+01,0.000000000000000000e+00,0.000000000000000000e+00
-2.599975999999999843e+00,-3.900000000000000000e+01,0.000000000000000000e+00,0.000000000000000000e+00
-2.599975999999999843e+00,-3.900000000000000000e+01,0.000000000000000000e+00,0.000000000000000000e+00
-2.599975999999999843e+00,-3.900000000000000000e+01,0.000000000000000000e+00,0.000000000000000000e+00
-2.599975999999999843e+00,-3.900000000000000000e+01,0.000000000000000000e+00,0.000000000000000000e+00
-2.599975999999999843e+00,-3.900000000000000000e+01,0.000000000000000000e+00,0.000000000000000000e+00
-2.599975999999999843e+00,-3.900000000000000000e+01,0.000000000000000000e+00,0.000000000000000000e+00
-2.599975999999999843e+00,-3.900000000000000000e+01,0.000000000000000000e+00,0.000000000000000000e+00
-2.599975999999999843e+00,-3.900000000000000000e+01,0.000000000000000000e+00,0.000000000000000000e+00
-2.599975999999999843e+00,-3.900000000000000000e+01,0.000000000000000000e+00,0.000000000000000000e+00
-2.599975999999999843e+00,-3.900000000000000000e+01,0.000000000000000000e+00,0.000000000000000000e+00
-2.599975999999999843e+00,-3.900000000000000000e+01,0.000000000000000000e+00,0.000000000000000000e+00
-2.599975999999999843e+00,-3.900000000000000000e+01,0.000000000000000000e+00,0.000000000000000000e+00
-2.599975999999999843e+00,-3.900000000000000000e+01,0.000000000000000000e+00,0.000000000000000000e+00
-2.599975999999999843e+00,-3.900000000000000000e+01,0.000000000000000000e+00,0.000000000000000000e+00
-2.599975999999999843e+00,-3.900000000000000000e+01,0.000000000000000000e+00,0.000000000000000000e+00
-2.599975999999999843e+00,-3.900000000000000000e+01,0.000000000000000000e+00,0.000000000000000000e+00
-2.599975999999999843e+00,-3.900000000000000000e+01,0.000000000000000000e+00,0.000000000000000000e+00
-2.599975999999999843e+00,-3.900000000000000000e+01,0.000000000000000000e+00,0.000000000000000000e+00
-2.599975999999999843e+00,-3.900000000000000000e+01,0.000000000000000000e+00,0.000000000000000000e+00
-2.599975999999999843e+00,-3.900000000000000000e+01,0.000000000000000000e+00,0.000000000000000000e+00
-2.599975999999999843e+00,-3.900000000000000000e+01,0.000000000000000000e+00,0.000000000000000000e+00
-2.599975999999999843e+00,-3.900000000000000000e+01,0.000000000000000000e+00,0.000000000000000000e+00
-2.799926999999999833e+00,-3.900000000000000000e+01,0.000000000000000000e+00,0.000000000000000000e+00
-2.799926999999999833e+00,-3.900000000000000000e+01,0.000000000000000000e+00,0.000000000000000000e+00
-2.900024000000000157e+00,-3.900000000000000000e+01,0.000000000000000000e+00,0.000000000000000000e+00
-2.900024000000000157e+00,-3.900000000000000000e+01,0.000000000000000000e+00,0.000000000000000000e+00
-2.900024000000000157e+00,-3.900000000000000000e+01,0.000000000000000000e+00,0.000000000000000000e+00
-2.900024000000000157e+00,-3.900000000000000000e+01,0.000000000000000000e+00,0.000000000000000000e+00
-3.099975999999999843e+00,-3.900000000000000000e+01,0.000000000000000000e+00,0.000000000000000000e+00
-3.099975999999999843e+00,2.110000000000000000e+02,6.200000000000000000e+01,0.000000000000000000e+00
-3.199950999999999990e+00,2.110000000000000000e+02,6.200000000000000000e+01,0.000000000000000000e+00
-3.199950999999999990e+00,2.100000000000000000e+02,6.800000000000000000e+01,0.000000000000000000e+00
-3.199950999999999990e+00,2.100000000000000000e+02,6.800000000000000000e+01,0.000000000000000000e+00
-3.199950999999999990e+00,2.100000000000000000e+02,2.020000000000000000e+02,0.000000000000000000e+00
-3.199950999999999990e+00,2.100000000000000000e+02,2.020000000000000000e+02,0.000000000000000000e+00
-3.199950999999999990e+00,2.080000000000000000e+02,3.040000000000000000e+02,0.000000000000000000e+00
-3.199950999999999990e+00,2.080000000000000000e+02,3.040000000000000000e+02,0.000000000000000000e+00
-3.500000000000000000e+00,1.790000000000000000e+02,7.400000000000000000e+02,0.000000000000000000e+00
-3.500000000000000000e+00,1.790000000000000000e+02,7.400000000000000000e+02,0.000000000000000000e+00
-3.599975999999999843e+00,5.900000000000000000e+01,7.400000000000000000e+02,0.000000000000000000e+00
-3.599975999999999843e+00,5.900000000000000000e+01,9.380000000000000000e+02,0.000000000000000000e+00
-3.799926999999999833e+00,2.400000000000000000e+01,9.380000000000000000e+02,0.000000000000000000e+00
-3.799926999999999833e+00,2.400000000000000000e+01,9.040000000000000000e+02,0.000000000000000000e+00
-3.799926999999999833e+00,5.100000000000000000e+01,9.040000000000000000e+02,0.000000000000000000e+00
-3.799926999999999833e+00,5.100000000000000000e+01,9.260000000000000000e+02,3.099999999999999978e-01
-3.799926999999999833e+00,3.300000000000000000e+01,9.260000000000000000e+02,3.099999999999999978e-01
-3.799926999999999833e+00,3.300000000000000000e+01,9.240000000000000000e+02,7.900000000000000355e-01
-3.799926999999999833e+00,4.300000000000000000e+01,9.240000000000000000e+02,7.900000000000000355e-01
-3.799926999999999833e+00,4.300000000000000000e+01,9.160000000000000000e+02,1.179999999999999938e+00
-3.799926999999999833e+00,3.600000000000000000e+01,9.160000000000000000e+02,1.179999999999999938e+00
-3.799926999999999833e+00,3.600000000000000000e+01,9.120000000000000000e+02,1.500000000000000000e+00
-3.799926999999999833e+00,3.000000000000000000e+01,9.120000000000000000e+02,1.500000000000000000e+00
-3.799926999999999833e+00,3.000000000000000000e+01,9.020000000000000000e+02,1.780000000000000027e+00
-3.799926999999999833e+00,2.900000000000000000e+01,9.020000000000000000e+02,1.780000000000000027e+00
-3.799926999999999833e+00,2.900000000000000000e+01,8.920000000000000000e+02,2.080000000000000071e+00
-3.799926999999999833e+00,3.300000000000000000e+01,8.920000000000000000e+02,2.080000000000000071e+00
-3.799926999999999833e+00,3.300000000000000000e+01,8.860000000000000000e+02,2.339999999999999858e+00
-3.799926999999999833e+00,3.300000000000000000e+01,8.860000000000000000e+02,2.339999999999999858e+00
-3.799926999999999833e+00,3.300000000000000000e+01,8.920000000000000000e+02,2.569999999999999840e+00
-3.799926999999999833e+00,2.900000000000000000e+01,8.920000000000000000e+02,2.569999999999999840e+00
-3.799926999999999833e+00,2.900000000000000000e+01,9.040000000000000000e+02,2.779999999999999805e+00
-3.799926999999999833e+00,3.200000000000000000e+01,9.040000000000000000e+02,2.779999999999999805e+00
-3.799926999999999833e+00,3.200000000000000000e+01,9.220000000000000000e+02,3.000000000000000000e+00
-3.799926999999999833e+00,3.200000000000000000e+01,9.220000000000000000e+02,3.000000000000000000e+00
-3.799926999999999833e+00,3.200000000000000000e+01,9.360000000000000000e+02,3.200000000000000178e+00
-3.500000000000000000e+00,3.000000000000000000e+01,9.360000000000000000e+02,3.200000000000000178e+00
-3.500000000000000000e+00,3.000000000000000000e+01,9.420000000000000000e+02,3.430000000000000160e+00
-2.900024000000000157e+00,2.600000000000000000e+01,9.420000000000000000e+02,3.430000000000000160e+00
-2.900024000000000157e+00,2.600000000000000000e+01,9.480000000000000000e+02,3.640000000000000124e+00
-2.199950999999999990e+00,2.800000000000000000e+01,9.480000000000000000e+02,3.640000000000000124e+00
-2.199950999999999990e+00,2.800000000000000000e+01,9.580000000000000000e+02,3.810000000000000053e+00
-1.599976000000000065e+00,3.200000000000000000e+01,9.580000000000000000e+02,3.810000000000000053e+00
-1.599976000000000065e+00,3.200000000000000000e+01,9.620000000000000000e+02,3.990000000000000213e+00
-1.099976000000000065e+00,2.800000000000000000e+01,9.620000000000000000e+02,3.990000000000000213e+00
-1.099976000000000065e+00,2.800000000000000000e+01,9.720000000000000000e+02,4.179999999999999716e+00
-5.999759999999999538e-01,3.700000000000000000e+01,9.720000000000000000e+02,4.179999999999999716e+00
-5.999759999999999538e-01,3.700000000000000000e+01,9.940000000000000000e+02,4.370000000000000107e+00
-4.000239999999999907e-01,4.700000000000000000e+01,9.940000000000000000e+02,4.370000000000000107e+00
-4.000239999999999907e-01,4.700000000000000000e+01,1.044000000000000000e+03,4.559999999999999609e+00
0.000000000000000000e+00,5.500000000000000000e+01,1.044000000000000000e+03,4.559999999999999609e+00
0.000000000000000000e+00,5.500000000000000000e+01,1.092000000000000000e+03,4.799999999999999822e+00
0.000000000000000000e+00,6.100000000000000000e+01,1.092000000000000000e+03,4.799999999999999822e+00
0.000000000000000000e+00,6.100000000000000000e+01,1.144000000000000000e+03,5.179999999999999716e+00
0.000000000000000000e+00,6.000000000000000000e+01,1.144000000000000000e+03,5.179999999999999716e+00
0.000000000000000000e+00,6.000000000000000000e+01,1.142000000000000000e+03,5.669999999999999929e+00
0.000000000000000000e+00,5.900000000000000000e+01,1.142000000000000000e+03,5.669999999999999929e+00
0.000000000000000000e+00,5.900000000000000000e+01,1.128000000000000000e+03,6.200000000000000178e+00
0.000000000000000000e+00,5.900000000000000000e+01,1.128000000000000000e+03,6.200000000000000178e+00
0.000000000000000000e+00,5.900000000000000000e+01,1.102000000000000000e+03,6.769999999999999574e+00
0.000000000000000000e+00,5.900000000000000000e+01,1.102000000000000000e+03,6.769999999999999574e+00
0.000000000000000000e+00,5.900000000000000000e+01,1.106000000000000000e+03,7.379999999999999893e+00
-9.997599999999999543e-02,5.900000000000000000e+01,1.106000000000000000e+03,7.379999999999999893e+00
-9.997599999999999543e-02,5.900000000000000000e+01,1.132000000000000000e+03,7.830000000000000071e+00
-5.999759999999999538e-01,6.700000000000000000e+01,1.132000000000000000e+03,7.830000000000000071e+00
-5.999759999999999538e-01,6.700000000000000000e+01,1.172000000000000000e+03,8.289999999999999147e+00
-1.000000000000000000e+00,6.500000000000000000e+01,1.172000000000000000e+03,8.289999999999999147e+00
-1.000000000000000000e+00,6.500000000000000000e+01,1.264000000000000000e+03,8.769999999999999574e+00
-1.099976000000000065e+00,6.300000000000000000e+01,1.264000000000000000e+03,8.769999999999999574e+00
-1.099976000000000065e+00,6.300000000000000000e+01,1.310000000000000000e+03,9.210000000000000853e+00
-1.400023999999999935e+00,6.400000000000000000e+01,1.310000000000000000e+03,9.210000000000000853e+00
-1.400023999999999935e+00,6.400000000000000000e+01,1.348000000000000000e+03,9.779999999999999361e+00
-1.400023999999999935e+00,6.400000000000000000e+01,1.348000000000000000e+03,9.779999999999999361e+00
-1.400023999999999935e+00,6.400000000000000000e+01,1.410000000000000000e+03,9.779999999999999361e+00
-2.099975999999999843e+00,6.300000000000000000e+01,1.410000000000000000e+03,1.033000000000000007e+01
-2.099975999999999843e+00,6.300000000000000000e+01,1.456000000000000000e+03,1.033000000000000007e+01
-2.799926999999999833e+00,6.200000000000000000e+01,1.456000000000000000e+03,1.076999999999999957e+01
-2.799926999999999833e+00,6.200000000000000000e+01,1.486000000000000000e+03,1.076999999999999957e+01
-2.900024000000000157e+00,6.200000000000000000e+01,1.486000000000000000e+03,1.128999999999999915e+01
-2.900024000000000157e+00,7.400000000000000000e+01,1.538000000000000000e+03,1.128999999999999915e+01
-2.900024000000000157e+00,7.400000000000000000e+01,1.538000000000000000e+03,1.166999999999999993e+01
-2.900024000000000157e+00,7.700000000000000000e+01,1.598000000000000000e+03,1.166999999999999993e+01
-2.900024000000000157e+00,7.700000000000000000e+01,1.598000000000000000e+03,1.217999900000000046e+01
-2.900024000000000157e+00,8.200000000000000000e+01,1.632000000000000000e+03,1.217999900000000046e+01
-2.900024000000000157e+00,8.200000000000000000e+01,1.632000000000000000e+03,1.277999999999999936e+01
-2.900024000000000157e+00,8.900000000000000000e+01,1.688000000000000000e+03,1.277999999999999936e+01
-2.900024000000000157e+00,8.900000000000000000e+01,1.688000000000000000e+03,1.313999899999999954e+01
-2.900024000000000157e+00,9.300000000000000000e+01,1.722000000000000000e+03,1.313999899999999954e+01
-2.599975999999999843e+00,9.300000000000000000e+01,1.722000000000000000e+03,1.349000000000000021e+01
-2.599975999999999843e+00,9.800000000000000000e+01,1.776000000000000000e+03,1.349000000000000021e+01
-2.599975999999999843e+00,9.800000000000000000e+01,1.776000000000000000e+03,1.382000000000000028e+01
-2.599975999999999843e+00,-1.600000000000000000e+01,1.700000000000000000e+03,1.382000000000000028e+01
-2.900024000000000157e+00,-1.600000000000000000e+01,1.700000000000000000e+03,1.419999999999999929e+01
-2.900024000000000157e+00,-9.000000000000000000e+00,1.406000000000000000e+03,1.419999999999999929e+01
-2.799926999999999833e+00,-9.000000000000000000e+00,1.406000000000000000e+03,1.457000000000000028e+01
-2.799926999999999833e+00,6.000000000000000000e+01,1.280000000000000000e+03,1.457000000000000028e+01
-2.799926999999999833e+00,6.000000000000000000e+01,1.280000000000000000e+03,1.521999899999999961e+01
-1.900023999999999935e+00,6.200000000000000000e+01,1.238000000000000000e+03,1.521999899999999961e+01
-1.900023999999999935e+00,6.200000000000000000e+01,1.238000000000000000e+03,1.536999999999999922e+01
-1.599976000000000065e+00,6.700000000000000000e+01,1.218000000000000000e+03,1.536999999999999922e+01
-1.599976000000000065e+00,6.700000000000000000e+01,1.218000000000000000e+03,1.575000000000000000e+01
-1.099976000000000065e+00,7.100000000000000000e+01,1.210000000000000000e+03,1.575000000000000000e+01
-1.099976000000000065e+00,7.100000000000000000e+01,1.210000000000000000e+03,1.617000000000000171e+01
9.997599999999999543e-02,7.800000000000000000e+01,1.218000000000000000e+03,1.617000000000000171e+01
9.997599999999999543e-02,7.800000000000000000e+01,1.218000000000000000e+03,1.617000000000000171e+01
3.900024000000000157e+00,6.200000000000000000e+01,1.196000000000000000e+03,1.666000000000000014e+01
3.900024000000000157e+00,6.200000000000000000e+01,1.196000000000000000e+03,1.666000000000000014e+01
9.599975999999999843e+00,4.100000000000000000e+01,1.164000000000000000e+03,1.702999900000000011e+01
9.599975999999999843e+00,4.100000000000000000e+01,1.164000000000000000e+03,1.702999900000000011e+01
1.580004899999999957e+01,2.100000000000000000e+01,1.196000000000000000e+03,1.694999899999999826e+01
1.580004899999999957e+01,2.100000000000000000e+01,1.196000000000000000e+03,1.694999899999999826e+01
2.430004900000000134e+01,2.100000000000000000e+01,1.236000000000000000e+03,1.710000000000000142e+01
2.430004900000000134e+01,2.100000000000000000e+01,1.236000000000000000e+03,1.710000000000000142e+01
3.409997599999999807e+01,2.200000000000000000e+01,1.270000000000000000e+03,1.732000000000000028e+01
3.409997599999999807e+01,2.200000000000000000e+01,1.270000000000000000e+03,1.732000000000000028e+01
4.620007300000000328e+01,2.500000000000000000e+01,1.288000000000000000e+03,1.746999900000000139e+01
4.620007300000000328e+01,2.500000000000000000e+01,1.288000000000000000e+03,1.746999900000000139e+01
6.230004900000000134e+01,3.200000000000000000e+01,1.286000000000000000e+03,1.763999899999999954e+01
6.230004900000000134e+01,3.200000000000000000e+01,1.286000000000000000e+03,1.763999899999999954e+01
8.080004900000000134e+01,4.900000000000000000e+01,1.312000000000000000e+03,1.771999900000000139e+01
8.080004900000000134e+01,4.900000000000000000e+01,1.312000000000000000e+03,1.771999900000000139e+01
1.018000490000000013e+02,7.100000000000000000e+01,1.338000000000000000e+03,1.777999900000000011e+01
1.018000490000000013e+02,7.100000000000000000e+01,1.338000000000000000e+03,1.777999900000000011e+01
1.240999759999999981e+02,6.900000000000000000e+01,1.324000000000000000e+03,1.795999899999999982e+01
1.240999759999999981e+02,6.900000000000000000e+01,1.324000000000000000e+03,1.795999899999999982e+01
1.438000490000000013e+02,7.100000000000000000e+01,1.308000000000000000e+03,1.810000000000000142e+01
1.438000490000000013e+02,7.100000000000000000e+01,1.308000000000000000e+03,1.810000000000000142e+01
1.565999759999999981e+02,6.200000000000000000e+01,1.320000000000000000e+03,1.844999899999999826e+01
1.565999759999999981e+02,6.200000000000000000e+01,1.320000000000000000e+03,1.844999899999999826e+01
1.674000240000000019e+02,5.000000000000000000e+01,1.308000000000000000e+03,1.860000000000000142e+01
1.674000240000000019e+02,5.000000000000000000e+01,1.308000000000000000e+03,1.860000000000000142e+01
1.810999759999999981e+02,4.100000000000000000e+01,1.328000000000000000e+03,1.877999900000000011e+01
1.810999759999999981e+02,4.100000000000000000e+01,1.328000000000000000e+03,1.877999900000000011e+01
1.963000490000000013e+02,3.200000000000000000e+01,1.336000000000000000e+03,1.898999999999999844e+01
1.963000490000000013e+02,3.200000000000000000e+01,1.336000000000000000e+03,1.898999999999999844e+01
2.113000490000000013e+02,2.600000000000000000e+01,1.334000000000000000e+03,1.900000000000000000e+01
2.113000490000000013e+02,2.600000000000000000e+01,1.334000000000000000e+03,1.900000000000000000e+01
2.240000000000000000e+02,2.700000000000000000e+01,1.354000000000000000e+03,1.898999999999999844e+01
2.240000000000000000e+02,2.700000000000000000e+01,1.354000000000000000e+03,1.898999999999999844e+01
2.319000240000000019e+02,2.600000000000000000e+01,1.374000000000000000e+03,1.903999900000000167e+01
2.319000240000000019e+02,2.600000000000000000e+01,1.374000000000000000e+03,1.903999900000000167e+01
2.368000490000000013e+02,2.200000000000000000e+01,1.374000000000000000e+03,1.893999900000000025e+01
2.368000490000000013e+02,2.200000000000000000e+01,1.374000000000000000e+03,1.893999900000000025e+01
2.374000240000000019e+02,2.200000000000000000e+01,1.368000000000000000e+03,1.894999899999999826e+01
2.374000240000000019e+02,2.200000000000000000e+01,1.368000000000000000e+03,1.894999899999999826e+01
2.370999759999999981e+02,2.400000000000000000e+01,1.370000000000000000e+03,1.910999899999999840e+01
2.370999759999999981e+02,2.400000000000000000e+01,1.370000000000000000e+03,1.910999899999999840e+01
2.369000240000000019e+02,2.200000000000000000e+01,1.366000000000000000e+03,1.908999999999999986e+01
2.369000240000000019e+02,2.200000000000000000e+01,1.366000000000000000e+03,1.908999999999999986e+01
2.354000240000000019e+02,2.200000000000000000e+01,1.356000000000000000e+03,1.907000000000000028e+01
2.354000240000000019e+02,2.200000000000000000e+01,1.356000000000000000e+03,1.907000000000000028e+01
2.345000000000000000e+02,2.000000000000000000e+01,1.356000000000000000e+03,1.911999899999999997e+01
2.345000000000000000e+02,2.000000000000000000e+01,1.356000000000000000e+03,1.911999899999999997e+01
2.313000490000000013e+02,2.000000000000000000e+01,1.354000000000000000e+03,1.917000000000000171e+01
2.313000490000000013e+02,2.000000000000000000e+01,1.354000000000000000e+03,1.917000000000000171e+01
2.270999759999999981e+02,2.000000000000000000e+01,1.356000000000000000e+03,1.901999999999999957e+01
2.270999759999999981e+02,2.000000000000000000e+01,1.356000000000000000e+03,1.901999999999999957e+01
2.245000000000000000e+02,2.000000000000000000e+01,1.356000000000000000e+03,1.901000000000000156e+01
2.245000000000000000e+02,2.000000000000000000e+01,1.356000000000000000e+03,1.901000000000000156e+01
2.215000000000000000e+02,2.300000000000000000e+01,1.358000000000000000e+03,1.898000000000000043e+01
2.215000000000000000e+02,2.300000000000000000e+01,1.358000000000000000e+03,1.898000000000000043e+01
2.200000000000000000e+02,2.600000000000000000e+01,1.362000000000000000e+03,1.904999899999999968e+01
2.200000000000000000e+02,2.600000000000000000e+01,1.362000000000000000e+03,1.904999899999999968e+01
2.200000000000000000e+02,4.400000000000000000e+01,1.382000000000000000e+03,1.908999999999999986e+01
2.200000000000000000e+02,4.400000000000000000e+01,1.382000000000000000e+03,1.908999999999999986e+01
2.208000490000000013e+02,6.200000000000000000e+01,1.416000000000000000e+03,1.925000000000000000e+01
2.208000490000000013e+02,6.200000000000000000e+01,1.416000000000000000e+03,1.925000000000000000e+01
2.195999759999999981e+02,6.700000000000000000e+01,1.414000000000000000e+03,1.958999999999999986e+01
2.195999759999999981e+02,6.700000000000000000e+01,1.414000000000000000e+03,1.958999999999999986e+01
2.173000490000000013e+02,6.700000000000000000e+01,1.410000000000000000e+03,1.983999999999999986e+01
2.173000490000000013e+02,7.100000000000000000e+01,1.410000000000000000e+03,1.983999999999999986e+01
2.135000000000000000e+02,7.100000000000000000e+01,1.434000000000000000e+03,2.018999900000000025e+01
2.135000000000000000e+02,7.100000000000000000e+01,1.434000000000000000e+03,2.018999900000000025e+01
2.052000730000000033e+02,7.100000000000000000e+01,1.460000000000000000e+03,2.051000000000000156e+01
2.052000730000000033e+02,7.000000000000000000e+01,1.460000000000000000e+03,2.051000000000000156e+01
1.928000490000000013e+02,7.000000000000000000e+01,1.478000000000000000e+03,2.076999999999999957e+01
1.928000490000000013e+02,7.000000000000000000e+01,1.478000000000000000e+03,2.076999999999999957e+01
1.790999759999999981e+02,7.000000000000000000e+01,1.490000000000000000e+03,2.096999900000000139e+01
1.790999759999999981e+02,6.800000000000000000e+01,1.490000000000000000e+03,2.096999900000000139e+01
1.660000000000000000e+02,6.800000000000000000e+01,1.510000000000000000e+03,2.120999899999999982e+01
1.660000000000000000e+02,7.100000000000000000e+01,1.510000000000000000e+03,2.120999899999999982e+01
1.545999759999999981e+02,7.100000000000000000e+01,1.528000000000000000e+03,2.145999899999999982e+01
1.545999759999999981e+02,7.200000000000000000e+01,1.528000000000000000e+03,2.145999899999999982e+01
1.430999759999999981e+02,7.200000000000000000e+01,1.542000000000000000e+03,2.164999999999999858e+01
1.430999759999999981e+02,7.500000000000000000e+01,1.542000000000000000e+03,2.164999999999999858e+01
1.274000240000000019e+02,7.500000000000000000e+01,1.562000000000000000e+03,2.192000000000000171e+01
1.274000240000000019e+02,7.500000000000000000e+01,1.562000000000000000e+03,2.192000000000000171e+01
1.073000490000000013e+02,7.500000000000000000e+01,1.596000000000000000e+03,2.237999900000000153e+01
1.073000490000000013e+02,7.800000000000000000e+01,1.596000000000000000e+03,2.237999900000000153e+01
8.840002400000000193e+01,7.800000000000000000e+01,1.618000000000000000e+03,2.270999899999999982e+01
8.840002400000000193e+01,7.900000000000000000e+01,1.618000000000000000e+03,2.270999899999999982e+01
7.309997599999999807e+01,7.900000000000000000e+01,1.644000000000000000e+03,2.308999999999999986e+01
7.309997599999999807e+01,8.000000000000000000e+01,1.644000000000000000e+03,2.308999999999999986e+01
6.050000000000000000e+01,8.000000000000000000e+01,1.658000000000000000e+03,2.343999900000000025e+01
6.050000000000000000e+01,7.900000000000000000e+01,1.658000000000000000e+03,2.343999900000000025e+01
4.840002400000000193e+01,7.900000000000000000e+01,1.682000000000000000e+03,2.378999900000000167e+01
4.840002400000000193e+01,8.000000000000000000e+01,1.682000000000000000e+03,2.378999900000000167e+01
3.680004900000000134e+01,8.000000000000000000e+01,1.708000000000000000e+03,2.401000000000000156e+01
3.680004900000000134e+01,8.200000000000000000e+01,1.708000000000000000e+03,2.401000000000000156e+01
2.830004900000000134e+01,8.200000000000000000e+01,1.720000000000000000e+03,2.429999899999999968e+01
2.830004900000000134e+01,8.300000000000000000e+01,1.720000000000000000e+03,2.429999899999999968e+01
2.180004900000000134e+01,8.300000000000000000e+01,1.740000000000000000e+03,2.457999999999999829e+01
2.180004900000000134e+01,8.600000000000000000e+01,1.740000000000000000e+03,2.457999999999999829e+01
1.540002400000000016e+01,8.600000000000000000e+01,1.736000000000000000e+03,2.493999900000000025e+01
1.540002400000000016e+01,8.800000000000000000e+01,1.736000000000000000e+03,2.493999900000000025e+01
1.190002400000000016e+01,8.800000000000000000e+01,1.788000000000000000e+03,2.493999900000000025e+01
1.190002400000000016e+01,9.500000000000000000e+01,1.788000000000000000e+03,2.523999999999999844e+01
1.100000000000000000e+01,9.500000000000000000e+01,1.802000000000000000e+03,2.523999999999999844e+01
1.100000000000000000e+01,1.000000000000000000e+02,1.802000000000000000e+03,2.548000000000000043e+01
6.800048999999999566e+00,1.000000000000000000e+02,1.824000000000000000e+03,2.548000000000000043e+01
6.800048999999999566e+00,1.100000000000000000e+02,1.824000000000000000e+03,2.577999900000000011e+01
2.400024000000000157e+00,1.100000000000000000e+02,1.836000000000000000e+03,2.577999900000000011e+01
2.400024000000000157e+00,1.150000000000000000e+02,1.836000000000000000e+03,2.602999900000000011e+01
1.300049000000000010e+00,1.150000000000000000e+02,1.812000000000000000e+03,2.602999900000000011e+01
1.300049000000000010e+00,9.000000000000000000e+00,1.812000000000000000e+03,2.626999899999999855e+01
9.997599999999999543e-02,9.000000000000000000e+00,1.632000000000000000e+03,2.626999899999999855e+01
9.997599999999999543e-02,-6.000000000000000000e+00,1.632000000000000000e+03,2.657000000000000028e+01
-1.299927000000000055e+00,-6.000000000000000000e+00,1.632000000000000000e+03,2.657000000000000028e+01
-1.299927000000000055e+00,5.100000000000000000e+01,1.384000000000000000e+03,2.666000000000000014e+01
-2.099975999999999843e+00,5.100000000000000000e+01,1.384000000000000000e+03,2.666000000000000014e+01
-2.099975999999999843e+00,4.800000000000000000e+01,1.342000000000000000e+03,2.692000000000000171e+01
-3.500000000000000000e+00,4.800000000000000000e+01,1.342000000000000000e+03,2.692000000000000171e+01
-3.500000000000000000e+00,8.000000000000000000e+01,1.314000000000000000e+03,2.710999899999999840e+01
-5.400024000000000157e+00,8.000000000000000000e+01,1.314000000000000000e+03,2.710999899999999840e+01
-5.400024000000000157e+00,1.070000000000000000e+02,1.250000000000000000e+03,2.739999999999999858e+01
-7.000000000000000000e+00,1.070000000000000000e+02,1.250000000000000000e+03,2.739999999999999858e+01
-7.000000000000000000e+00,1.280000000000000000e+02,1.212000000000000000e+03,2.782999999999999829e+01
-8.000000000000000000e+00,1.280000000000000000e+02,1.212000000000000000e+03,2.782999999999999829e+01
-8.000000000000000000e+00,1.300000000000000000e+02,1.200000000000000000e+03,2.801000000000000156e+01
-8.400024000000000157e+00,1.300000000000000000e+02,1.200000000000000000e+03,2.801000000000000156e+01
-8.400024000000000157e+00,1.330000000000000000e+02,1.224000000000000000e+03,2.844999899999999826e+01
-8.599975999999999843e+00,1.330000000000000000e+02,1.224000000000000000e+03,2.844999899999999826e+01
-8.599975999999999843e+00,1.330000000000000000e+02,1.236000000000000000e+03,2.878999900000000167e+01
-8.599975999999999843e+00,1.330000000000000000e+02,1.236000000000000000e+03,2.878999900000000167e+01
-8.599975999999999843e+00,1.320000000000000000e+02,1.252000000000000000e+03,2.911999899999999997e+01
-9.099975999999999843e+00,1.320000000000000000e+02,1.252000000000000000e+03,2.911999899999999997e+01
-9.099975999999999843e+00,1.310000000000000000e+02,1.264000000000000000e+03,2.948000000000000043e+01
-9.799927000000000277e+00,1.310000000000000000e+02,1.264000000000000000e+03,2.948000000000000043e+01
-9.799927000000000277e+00,1.300000000000000000e+02,1.284000000000000000e+03,2.987999900000000153e+01
-1.040002400000000016e+01,1.300000000000000000e+02,1.284000000000000000e+03,2.987999900000000153e+01
-1.040002400000000016e+01,1.370000000000000000e+02,1.302000000000000000e+03,3.010999899999999840e+01
-1.040002400000000016e+01,1.370000000000000000e+02,1.302000000000000000e+03,3.010999899999999840e+01
-1.040002400000000016e+01,1.570000000000000000e+02,1.336000000000000000e+03,3.041000000000000014e+01
-1.009997599999999984e+01,1.570000000000000000e+02,1.336000000000000000e+03,3.041000000000000014e+01
-1.009997599999999984e+01,1.550000000000000000e+02,1.360000000000000000e+03,3.093999900000000025e+01
-9.099975999999999843e+00,1.550000000000000000e+02,1.360000000000000000e+03,3.093999900000000025e+01
-9.099975999999999843e+00,1.520000000000000000e+02,1.370000000000000000e+03,3.145999899999999982e+01
-8.099975999999999843e+00,1.520000000000000000e+02,1.370000000000000000e+03,3.145999899999999982e+01
-8.099975999999999843e+00,1.490000000000000000e+02,1.376000000000000000e+03,3.168999900000000025e+01
-7.400024000000000157e+00,1.490000000000000000e+02,1.376000000000000000e+03,3.168999900000000025e+01
-7.400024000000000157e+00,1.460000000000000000e+02,1.378000000000000000e+03,3.198000000000000043e+01
-6.699951000000000434e+00,1.460000000000000000e+02,1.378000000000000000e+03,3.198000000000000043e+01
-6.699951000000000434e+00,1.390000000000000000e+02,1.390000000000000000e+03,3.232999800000000334e+01
-5.900024000000000157e+00,1.390000000000000000e+02,1.390000000000000000e+03,3.232999800000000334e+01
-5.900024000000000157e+00,1.300000000000000000e+02,1.408000000000000000e+03,3.273999799999999993e+01
-4.500000000000000000e+00,1.300000000000000000e+02,1.408000000000000000e+03,3.273999799999999993e+01
-4.500000000000000000e+00,1.300000000000000000e+02,1.432000000000000000e+03,3.300999800000000306e+01
-4.099975999999999843e+00,1.300000000000000000e+02,1.432000000000000000e+03,3.300999800000000306e+01
-4.099975999999999843e+00,1.270000000000000000e+02,1.476000000000000000e+03,3.338000100000000003e+01
-3.500000000000000000e+00,1.270000000000000000e+02,1.476000000000000000e+03,3.338000100000000003e+01
-3.500000000000000000e+00,1.250000000000000000e+02,1.500000000000000000e+03,3.377999899999999656e+01
-2.599975999999999843e+00,1.250000000000000000e+02,1.500000000000000000e+03,3.377999899999999656e+01
-2.599975999999999843e+00,1.240000000000000000e+02,1.498000000000000000e+03,3.413000100000000003e+01
-1.599976000000000065e+00,1.240000000000000000e+02,1.498000000000000000e+03,3.413000100000000003e+01
-1.599976000000000065e+00,1.240000000000000000e+02,1.498000000000000000e+03,3.452000000000000313e+01
-9.997599999999999543e-02,1.240000000000000000e+02,1.498000000000000000e+03,3.452000000000000313e+01
-9.997599999999999543e-02,1.250000000000000000e+02,1.502000000000000000e+03,3.484999799999999937e+01
1.400023999999999935e+00,1.250000000000000000e+02,1.502000000000000000e+03,3.484999799999999937e+01
1.400023999999999935e+00,1.210000000000000000e+02,1.518000000000000000e+03,3.525000000000000000e+01
1.900023999999999935e+00,1.210000000000000000e+02,1.518000000000000000e+03,3.525000000000000000e+01
1.900023999999999935e+00,1.230000000000000000e+02,1.538000000000000000e+03,3.557999800000000334e+01
2.000000000000000000e+00,1.230000000000000000e+02,1.538000000000000000e+03,3.557999800000000334e+01
2.000000000000000000e+00,1.220000000000000000e+02,1.550000000000000000e+03,3.595000100000000032e+01
2.200073000000000167e+00,1.220000000000000000e+02,1.550000000000000000e+03,3.595000100000000032e+01
2.200073000000000167e+00,1.210000000000000000e+02,1.560000000000000000e+03,3.625999800000000306e+01
2.000000000000000000e+00,1.210000000000000000e+02,1.560000000000000000e+03,3.625999800000000306e+01
2.000000000000000000e+00,1.180000000000000000e+02,1.576000000000000000e+03,3.650999800000000306e+01
2.099975999999999843e+00,1.180000000000000000e+02,1.576000000000000000e+03,3.650999800000000306e+01
2.099975999999999843e+00,1.170000000000000000e+02,1.590000000000000000e+03,3.682999800000000334e+01
2.000000000000000000e+00,1.170000000000000000e+02,1.590000000000000000e+03,3.682999800000000334e+01
2.000000000000000000e+00,1.160000000000000000e+02,1.606000000000000000e+03,3.723999799999999993e+01
2.000000000000000000e+00,1.160000000000000000e+02,1.606000000000000000e+03,3.723999799999999993e+01
2.000000000000000000e+00,1.150000000000000000e+02,1.618000000000000000e+03,3.759000000000000341e+01
1.800049000000000010e+00,1.150000000000000000e+02,1.618000000000000000e+03,3.759000000000000341e+01
1.800049000000000010e+00,1.120000000000000000e+02,1.634000000000000000e+03,3.767999999999999972e+01
1.300049000000000010e+00,1.120000000000000000e+02,1.634000000000000000e+03,3.767999999999999972e+01
1.300049000000000010e+00,1.060000000000000000e+02,1.650000000000000000e+03,3.807000000000000028e+01
5.000000000000000000e-01,1.060000000000000000e+02,1.650000000000000000e+03,3.807000000000000028e+01
5.000000000000000000e-01,9.800000000000000000e+01,1.650000000000000000e+03,3.852999899999999656e+01
-5.999759999999999538e-01,9.800000000000000000e+01,1.650000000000000000e+03,3.852999899999999656e+01
-5.999759999999999538e-01,9.200000000000000000e+01,1.650000000000000000e+03,3.859000000000000341e+01
-2.799926999999999833e+00,9.200000000000000000e+01,1.650000000000000000e+03,3.859000000000000341e+01
-2.799926999999999833e+00,8.400000000000000000e+01,1.668000000000000000e+03,3.882999800000000334e+01
-2.599975999999999843e+00,8.400000000000000000e+01,1.668000000000000000e+03,3.882999800000000334e+01
-2.599975999999999843e+00,7.500000000000000000e+01,1.676000000000000000e+03,3.904000099999999662e+01
-2.799926999999999833e+00,7.500000000000000000e+01,1.676000000000000000e+03,3.904000099999999662e+01
-2.799926999999999833e+00,7.600000000000000000e+01,1.694000000000000000e+03,3.900999800000000306e+01
-2.799926999999999833e+00,7.600000000000000000e+01,1.694000000000000000e+03,3.900999800000000306e+01
-2.799926999999999833e+00,7.500000000000000000e+01,1.718000000000000000e+03,3.922999999999999687e+01
-2.799926999999999833e+00,7.500000000000000000e+01,1.718000000000000000e+03,3.922999999999999687e+01
-2.799926999999999833e+00,7.900000000000000000e+01,1.732000000000000000e+03,3.943999900000000025e+01
-2.599975999999999843e+00,7.900000000000000000e+01,1.732000000000000000e+03,3.943999900000000025e+01
-2.599975999999999843e+00,8.200000000000000000e+01,1.706000000000000000e+03,3.967999999999999972e+01
-2.599975999999999843e+00,8.200000000000000000e+01,1.706000000000000000e+03,3.967999999999999972e+01
-2.599975999999999843e+00,8.700000000000000000e+01,1.702000000000000000e+03,3.984000000000000341e+01
-2.400024000000000157e+00,8.700000000000000000e+01,1.702000000000000000e+03,3.984000000000000341e+01
-2.400024000000000157e+00,9.200000000000000000e+01,1.718000000000000000e+03,4.000000000000000000e+01
-1.699950999999999990e+00,9.200000000000000000e+01,1.718000000000000000e+03,4.000000000000000000e+01
-1.699950999999999990e+00,9.800000000000000000e+01,1.720000000000000000e+03,4.009999799999999937e+01
-5.000000000000000000e-01,9.800000000000000000e+01,1.720000000000000000e+03,4.009999799999999937e+01
-5.000000000000000000e-01,1.010000000000000000e+02,1.740000000000000000e+03,4.030999800000000022e+01
-1.999509999999999899e-01,1.010000000000000000e+02,1.740000000000000000e+03,4.030999800000000022e+01
-1.999509999999999899e-01,-2.400000000000000000e+01,1.510000000000000000e+03,4.032000000000000028e+01
0.000000000000000000e+00,-2.400000000000000000e+01,1.510000000000000000e+03,4.032000000000000028e+01
0.000000000000000000e+00,4.600000000000000000e+01,1.400000000000000000e+03,4.037999700000000303e+01
5.999759999999999538e-01,4.600000000000000000e+01,1.400000000000000000e+03,4.037999700000000303e+01
5.999759999999999538e-01,4.900000000000000000e+01,1.358000000000000000e+03,4.054999899999999968e+01
9.000240000000000462e-01,4.900000000000000000e+01,1.358000000000000000e+03,4.054999899999999968e+01
9.000240000000000462e-01,5.500000000000000000e+01,1.322000000000000000e+03,4.061999899999999997e+01
1.000000000000000000e+00,5.500000000000000000e+01,1.322000000000000000e+03,4.061999899999999997e+01
1.000000000000000000e+00,7.600000000000000000e+01,1.298000000000000000e+03,4.061999899999999997e+01
2.300049000000000010e+00,7.600000000000000000e+01,1.298000000000000000e+03,4.084000000000000341e+01
2.300049000000000010e+00,9.500000000000000000e+01,1.274000000000000000e+03,4.084000000000000341e+01
3.200073000000000167e+00,9.500000000000000000e+01,1.274000000000000000e+03,4.095000100000000032e+01
3.200073000000000167e+00,9.500000000000000000e+01,1.242000000000000000e+03,4.095000100000000032e+01
3.099975999999999843e+00,9.500000000000000000e+01,1.242000000000000000e+03,4.113999900000000309e+01
3.099975999999999843e+00,9.900000000000000000e+01,1.240000000000000000e+03,4.113999900000000309e+01
3.099975999999999843e+00,9.900000000000000000e+01,1.240000000000000000e+03,4.125000000000000000e+01
3.099975999999999843e+00,9.900000000000000000e+01,1.244000000000000000e+03,4.125000000000000000e+01
3.099975999999999843e+00,9.900000000000000000e+01,1.244000000000000000e+03,4.146999699999999933e+01
3.000000000000000000e+00,1.010000000000000000e+02,1.244000000000000000e+03,4.146999699999999933e+01
3.000000000000000000e+00,1.010000000000000000e+02,1.244000000000000000e+03,4.164999799999999652e+01
3.000000000000000000e+00,1.010000000000000000e+02,1.244000000000000000e+03,4.164999799999999652e+01
3.000000000000000000e+00,1.010000000000000000e+02,1.252000000000000000e+03,4.182000000000000028e+01
2.700073000000000167e+00,1.000000000000000000e+02,1.252000000000000000e+03,4.182000000000000028e+01
2.700073000000000167e+00,1.000000000000000000e+02,1.266000000000000000e+03,4.204999899999999968e+01
2.500000000000000000e+00,9.900000000000000000e+01,1.266000000000000000e+03,4.204999899999999968e+01
2.500000000000000000e+00,9.900000000000000000e+01,1.268000000000000000e+03,4.216999799999999965e+01
2.300049000000000010e+00,9.900000000000000000e+01,1.268000000000000000e+03,4.216999799999999965e+01
2.300049000000000010e+00,9.900000000000000000e+01,1.274000000000000000e+03,4.242999999999999972e+01
1.900023999999999935e+00,1.060000000000000000e+02,1.274000000000000000e+03,4.242999999999999972e+01
1.900023999999999935e+00,1.060000000000000000e+02,1.288000000000000000e+03,4.234999799999999937e+01
1.300049000000000010e+00,1.210000000000000000e+02,1.288000000000000000e+03,4.234999799999999937e+01
1.300049000000000010e+00,1.210000000000000000e+02,1.286000000000000000e+03,4.273999799999999993e+01
1.400023999999999935e+00,1.190000000000000000e+02,1.286000000000000000e+03,4.273999799999999993e+01
1.400023999999999935e+00,1.190000000000000000e+02,1.284000000000000000e+03,4.291999799999999965e+01
1.500000000000000000e+00,1.190000000000000000e+02,1.284000000000000000e+03,4.291999799999999965e+01
1.500000000000000000e+00,1.190000000000000000e+02,1.294000000000000000e+03,4.309000000000000341e+01
1.500000000000000000e+00,1.180000000000000000e+02,1.294000000000000000e+03,4.309000000000000341e+01
1.500000000000000000e+00,1.180000000000000000e+02,1.298000000000000000e+03,4.325000000000000000e+01
1.500000000000000000e+00,1.170000000000000000e+02,1.298000000000000000e+03,4.325000000000000000e+01
1.500000000000000000e+00,1.170000000000000000e+02,1.304000000000000000e+03,4.350999800000000306e+01
1.500000000000000000e+00,1.170000000000000000e+02,1.304000000000000000e+03,4.350999800000000306e+01
1.500000000000000000e+00,1.170000000000000000e+02,1.312000000000000000e+03,4.367999999999999972e+01
1.500000000000000000e+00,1.160000000000000000e+02,1.312000000000000000e+03,4.367999999999999972e+01
1.500000000000000000e+00,1.160000000000000000e+02,1.322000000000000000e+03,4.391999799999999965e+01
5.000000000000000000e-01,1.160000000000000000e+02,1.322000000000000000e+03,4.391999799999999965e+01
5.000000000000000000e-01,1.160000000000000000e+02,1.326000000000000000e+03,4.412999700000000303e+01
3.000490000000000101e-01,1.150000000000000000e+02,1.326000000000000000e+03,4.412999700000000303e+01
3.000490000000000101e-01,1.150000000000000000e+02,1.330000000000000000e+03,4.429000099999999662e+01
3.000490000000000101e-01,1.150000000000000000e+02,1.330000000000000000e+03,4.429000099999999662e+01
3.000490000000000101e-01,1.150000000000000000e+02,1.332000000000000000e+03,4.443999900000000025e+01
9.997599999999999543e-02,1.150000000000000000e+02,1.332000000000000000e+03,4.443999900000000025e+01
9.997599999999999543e-02,1.150000000000000000e+02,1.334000000000000000e+03,4.461000099999999691e+01
9.997599999999999543e-02,1.150000000000000000e+02,1.334000000000000000e+03,4.461000099999999691e+01
9.997599999999999543e-02,1.150000000000000000e+02,1.344000000000000000e+03,4.482999800000000334e+01
0.000000000000000000e+00,1.140000000000000000e+02,1.344000000000000000e+03,4.482999800000000334e+01
0.000000000000000000e+00,1.140000000000000000e+02,1.350000000000000000e+03,4.495999900000000338e+01
-2.999269999999999992e-01,1.130000000000000000e+02,1.350000000000000000e+03,4.495999900000000338e+01
-2.999269999999999992e-01,1.130000000000000000e+02,1.350000000000000000e+03,4.504999899999999968e+01
-1.299927000000000055e+00,1.140000000000000000e+02,1.350000000000000000e+03,4.504999899999999968e+01
-1.299927000000000055e+00,1.140000000000000000e+02,1.358000000000000000e+03,4.525999800000000306e+01
-2.099975999999999843e+00,1.130000000000000000e+02,1.358000000000000000e+03,4.525999800000000306e+01
-2.099975999999999843e+00,1.130000000000000000e+02,1.362000000000000000e+03,4.537999700000000303e+01
-2.400024000000000157e+00,1.130000000000000000e+02,1.362000000000000000e+03,4.537999700000000303e+01
-2.400024000000000157e+00,1.130000000000000000e+02,1.362000000000000000e+03,4.553999699999999962e+01
-2.400024000000000157e+00,1.130000000000000000e+02,1.362000000000000000e+03,4.553999699999999962e+01
-2.400024000000000157e+00,1.130000000000000000e+02,1.372000000000000000e+03,4.577000000000000313e+01
-2.599975999999999843e+00,1.120000000000000000e+02,1.372000000000000000e+03,4.577000000000000313e+01
-2.599975999999999843e+00,1.120000000000000000e+02,1.376000000000000000e+03,4.587999700000000303e+01
-3.500000000000000000e+00,1.090000000000000000e+02,1.376000000000000000e+03,4.587999700000000303e+01
-3.500000000000000000e+00,1.090000000000000000e+02,1.378000000000000000e+03,4.609000000000000341e+01
-3.500000000000000000e+00,1.050000000000000000e+02,1.378000000000000000e+03,4.609000000000000341e+01
-3.500000000000000000e+00,1.050000000000000000e+02,1.388000000000000000e+03,4.617999999999999972e+01
-3.500000000000000000e+00,1.000000000000000000e+02,1.388000000000000000e+03,4.617999999999999972e+01
-3.500000000000000000e+00,1.000000000000000000e+02,1.400000000000000000e+03,4.630999800000000022e+01
-3.500000000000000000e+00,9.400000000000000000e+01,1.400000000000000000e+03,4.630999800000000022e+01
-3.500000000000000000e+00,9.400000000000000000e+01,1.402000000000000000e+03,4.663999900000000309e+01
-3.400024000000000157e+00,8.700000000000000000e+01,1.402000000000000000e+03,4.663999900000000309e+01
-3.400024000000000157e+00,8.700000000000000000e+01,1.404000000000000000e+03,4.673999799999999993e+01
-2.599975999999999843e+00,8.200000000000000000e+01,1.404000000000000000e+03,4.673999799999999993e+01
-2.599975999999999843e+00,8.200000000000000000e+01,1.398000000000000000e+03,4.698999799999999993e+01
-1.099976000000000065e+00,7.800000000000000000e+01,1.398000000000000000e+03,4.698999799999999993e+01
-1.099976000000000065e+00,7.800000000000000000e+01,1.410000000000000000e+03,4.709000000000000341e+01
-1.000000000000000000e+00,7.200000000000000000e+01,1.410000000000000000e+03,4.709000000000000341e+01
-1.000000000000000000e+00,7.200000000000000000e+01,1.418000000000000000e+03,4.721999699999999933e+01
-6.999509999999999899e-01,6.900000000000000000e+01,1.418000000000000000e+03,4.721999699999999933e+01
-6.999509999999999899e-01,6.900000000000000000e+01,1.414000000000000000e+03,4.729999899999999968e+01
9.997599999999999543e-02,6.900000000000000000e+01,1.414000000000000000e+03,4.729999899999999968e+01
9.997599999999999543e-02,6.900000000000000000e+01,1.418000000000000000e+03,4.743999900000000025e+01
7.000729999999999453e-01,6.500000000000000000e+01,1.418000000000000000e+03,4.743999900000000025e+01
7.000729999999999453e-01,6.500000000000000000e+01,1.420000000000000000e+03,4.738999900000000309e+01
8.000490000000000101e-01,6.500000000000000000e+01,1.420000000000000000e+03,4.738999900000000309e+01
8.000490000000000101e-01,6.500000000000000000e+01,1.426000000000000000e+03,4.745000100000000032e+01
7.000729999999999453e-01,6.300000000000000000e+01,1.426000000000000000e+03,4.745000100000000032e+01
7.000729999999999453e-01,6.300000000000000000e+01,1.430000000000000000e+03,4.763999900000000309e+01
9.997599999999999543e-02,6.300000000000000000e+01,1.430000000000000000e+03,4.763999900000000309e+01
9.997599999999999543e-02,6.300000000000000000e+01,1.432000000000000000e+03,4.788999900000000309e+01
-4.000239999999999907e-01,6.000000000000000000e+01,1.432000000000000000e+03,4.788999900000000309e+01
-4.000239999999999907e-01,6.000000000000000000e+01,1.428000000000000000e+03,4.786000099999999691e+01
-4.000239999999999907e-01,5.900000000000000000e+01,1.428000000000000000e+03,4.786000099999999691e+01
-4.000239999999999907e-01,5.900000000000000000e+01,1.428000000000000000e+03,4.789999799999999652e+01
-5.999759999999999538e-01,5.900000000000000000e+01,1.428000000000000000e+03,4.789999799999999652e+01
-5.999759999999999538e-01,5.900000000000000000e+01,1.432000000000000000e+03,4.790999999999999659e+01
-5.999759999999999538e-01,5.800000000000000000e+01,1.432000000000000000e+03,4.790999999999999659e+01
-5.999759999999999538e-01,5.800000000000000000e+01,1.444000000000000000e+03,4.797999999999999687e+01
-6.999509999999999899e-01,5.800000000000000000e+01,1.444000000000000000e+03,4.797999999999999687e+01
-6.999509999999999899e-01,5.800000000000000000e+01,1.444000000000000000e+03,4.811000099999999691e+01
-7.999270000000000547e-01,5.800000000000000000e+01,1.444000000000000000e+03,4.811000099999999691e+01
-7.999270000000000547e-01,5.800000000000000000e+01,1.444000000000000000e+03,4.818999900000000025e+01
-7.999270000000000547e-01,5.800000000000000000e+01,1.444000000000000000e+03,4.818999900000000025e+01
-7.999270000000000547e-01,5.800000000000000000e+01,1.444000000000000000e+03,4.822999999999999687e+01
-7.999270000000000547e-01,5.900000000000000000e+01,1.444000000000000000e+03,4.822999999999999687e+01
-7.999270000000000547e-01,5.900000000000000000e+01,1.450000000000000000e+03,4.832000000000000028e+01
-7.999270000000000547e-01,6.000000000000000000e+01,1.450000000000000000e+03,4.832000000000000028e+01
-7.999270000000000547e-01,6.000000000000000000e+01,1.444000000000000000e+03,4.830999800000000022e+01
-9.997599999999999543e-02,6.300000000000000000e+01,1.444000000000000000e+03,4.830999800000000022e+01
-9.997599999999999543e-02,6.300000000000000000e+01,1.444000000000000000e+03,4.836000099999999691e+01
0.000000000000000000e+00,6.500000000000000000e+01,1.444000000000000000e+03,4.836000099999999691e+01
0.000000000000000000e+00,6.500000000000000000e+01,1.444000000000000000e+03,4.841999799999999965e+01
0.000000000000000000e+00,6.900000000000000000e+01,1.450000000000000000e+03,4.841999799999999965e+01
0.000000000000000000e+00,6.900000000000000000e+01,1.450000000000000000e+03,4.838999900000000309e+01
0.000000000000000000e+00,7.300000000000000000e+01,1.460000000000000000e+03,4.838999900000000309e+01
0.000000000000000000e+00,7.300000000000000000e+01,1.460000000000000000e+03,4.870000100000000032e+01
0.000000000000000000e+00,7.200000000000000000e+01,1.458000000000000000e+03,4.870000100000000032e+01
0.000000000000000000e+00,7.200000000000000000e+01,1.458000000000000000e+03,4.863999900000000309e+01
0.000000000000000000e+00,-1.200000000000000000e+01,1.350000000000000000e+03,4.863999900000000309e+01
0.000000000000000000e+00,-1.200000000000000000e+01,1.350000000000000000e+03,4.900000000000000000e+01
4.000239999999999907e-01,3.500000000000000000e+01,1.248000000000000000e+03,4.900000000000000000e+01
4.000239999999999907e-01,3.500000000000000000e+01,1.248000000000000000e+03,4.900000000000000000e+01
9.997599999999999543e-02,3.400000000000000000e+01,1.214000000000000000e+03,4.861999899999999997e+01
9.997599999999999543e-02,3.400000000000000000e+01,1.214000000000000000e+03,4.861999899999999997e+01
3.000490000000000101e-01,4.500000000000000000e+01,1.184000000000000000e+03,4.865999999999999659e+01
3.000490000000000101e-01,4.500000000000000000e+01,1.184000000000000000e+03,4.865999999999999659e+01
0.000000000000000000e+00,4.600000000000000000e+01,1.168000000000000000e+03,4.861999899999999997e+01
0.000000000000000000e+00,4.600000000000000000e+01,1.168000000000000000e+03,4.861999899999999997e+01
0.000000000000000000e+00,6.200000000000000000e+01,1.144000000000000000e+03,4.865999999999999659e+01
0.000000000000000000e+00,6.200000000000000000e+01,1.144000000000000000e+03,4.865999999999999659e+01
3.000490000000000101e-01,6.000000000000000000e+01,1.124000000000000000e+03,4.875000000000000000e+01
3.000490000000000101e-01,6.000000000000000000e+01,1.124000000000000000e+03,4.875000000000000000e+01
5.999759999999999538e-01,5.900000000000000000e+01,1.108000000000000000e+03,4.878999699999999962e+01
5.999759999999999538e-01,5.900000000000000000e+01,1.108000000000000000e+03,4.878999699999999962e+01
5.999759999999999538e-01,6.000000000000000000e+01,1.110000000000000000e+03,4.884000000000000341e+01
5.999759999999999538e-01,6.000000000000000000e+01,1.110000000000000000e+03,4.884000000000000341e+01
3.000490000000000101e-01,5.900000000000000000e+01,1.112000000000000000e+03,4.895999900000000338e+01
3.000490000000000101e-01,5.900000000000000000e+01,1.112000000000000000e+03,4.895999900000000338e+01
0.000000000000000000e+00,5.900000000000000000e+01,1.114000000000000000e+03,4.896999699999999933e+01
0.000000000000000000e+00,5.900000000000000000e+01,1.114000000000000000e+03,4.896999699999999933e+01
0.000000000000000000e+00,5.900000000000000000e+01,1.122000000000000000e+03,4.904999899999999968e+01
0.000000000000000000e+00,5.900000000000000000e+01,1.122000000000000000e+03,4.904999899999999968e+01
-9.997599999999999543e-02,5.600000000000000000e+01,1.122000000000000000e+03,4.905999800000000022e+01
-9.997599999999999543e-02,5.600000000000000000e+01,1.122000000000000000e+03,4.905999800000000022e+01
-9.000240000000000462e-01,5.600000000000000000e+01,1.122000000000000000e+03,4.925000000000000000e+01
-9.000240000000000462e-01,5.600000000000000000e+01,1.122000000000000000e+03,4.925000000000000000e+01
-1.000000000000000000e+00,5.600000000000000000e+01,1.124000000000000000e+03,4.905999800000000022e+01
-1.000000000000000000e+00,5.600000000000000000e+01,1.124000000000000000e+03,4.905999800000000022e+01
-9.000240000000000462e-01,5.600000000000000000e+01,1.128000000000000000e+03,4.909999799999999937e+01
